up_down_5
0.028800
0.037300
0.049700
0.049100
0.039800
0.020400
0.024300
0.023300
0.023500
0.010300
0.022000
0.018600
0.016100
0.020800
0.054500
0.044400
0.035600
0.019200
0.013400
-0.009900
0.015400
0.020000
0.019500
0.022500
0.049600
0.022500
0.003500
0.013200
0.027300
-0.001700
0.001300
0.043500
0.024600
-0.035700
-0.033800
-0.050700
-0.066700
-0.063200
-0.034100
-0.034200
0.000000
-0.002500
-0.000700
-0.004200
0.015900
0.028800
0.017400
0.047000
0.056100
0.029800
0.006600
0.025700
0.015100
0.027000
0.033500
0.026200
0.007000
-0.021300
-0.009300
-0.010000
0.001300
0.010200
0.043600
0.027100
