up_down_5
0.029300
0.025900
0.031600
0.024900
0.018400
0.002900
0.007400
0.007300
0.007300
0.011700
0.024900
0.025900
0.027300
0.026900
0.023700
0.008700
-0.000700
-0.014000
-0.020700
-0.021900
-0.000200
0.004100
0.006100
0.018700
0.029300
0.017200
0.009100
0.000200
-0.001800
-0.017000
-0.018100
-0.003000
0.002000
-0.031200
-0.023800
-0.034500
-0.037800
-0.034400
-0.007100
-0.004700
-0.001500
-0.014500
-0.007200
-0.015400
-0.008300
0.013200
0.013700
0.024900
0.037900
0.019300
0.004200
0.021000
0.005300
0.008400
0.018300
0.016700
0.007900
-0.001900
-0.001500
0.004400
0.015300
0.019200
0.036300
0.030700
