up_down_5
0.024700
0.028600
0.022000
0.018600
0.029800
0.017000
0.023600
0.024400
0.018000
-0.005000
0.016900
0.015400
0.016600
0.025800
0.024600
0.013300
0.016900
0.002900
-0.004800
-0.003100
0.007400
0.002000
0.003300
0.024000
0.056600
0.067000
0.052500
0.043700
0.032700
-0.009900
-0.012200
0.005500
0.010300
-0.029500
-0.018900
-0.059400
-0.056300
-0.055400
-0.038400
-0.027500
-0.007400
-0.026000
-0.022100
-0.010500
-0.002100
0.011200
0.009000
0.011300
0.005400
-0.012700
-0.028700
-0.010000
-0.017400
0.008400
0.016200
