up_down_5
0.031700
0.031600
0.029700
0.027000
0.018900
0.002200
0.004800
0.006500
0.005500
0.006900
0.017600
0.015000
0.018100
0.019800
0.023200
0.014000
0.009800
-0.003900
-0.009200
-0.019300
0.007900
0.015200
0.014900
0.026100
0.045100
0.026800
0.012500
0.009900
0.014200
-0.008700
-0.000800
0.019400
0.021200
-0.026300
-0.020600
-0.046500
-0.050500
-0.046600
-0.021300
-0.013200
0.002200
-0.008400
-0.005600
-0.007700
-0.000900
0.015400
0.010600
0.021500
0.034200
0.010600
-0.011300
0.011800
0.003000
0.013700
0.026200
0.025900
0.015200
-0.004300
-0.008100
-0.001900
0.014500
0.021200
0.043600
0.035700
