up_down_5
0.032900
0.033900
0.037700
0.036600
0.026800
0.007900
0.011900
0.011500
0.012700
0.011400
0.025600
0.029300
0.033800
0.025800
0.031200
0.016300
0.004800
-0.012900
-0.008800
-0.016700
0.004400
0.010400
0.008300
0.015200
0.027400
0.014700
0.006000
0.008500
0.010900
0.002500
0.008600
0.031600
0.027300
-0.020900
-0.020600
-0.043300
-0.053700
-0.047300
-0.019900
-0.015100
0.004800
-0.002200
-0.002800
-0.006300
0.002200
0.021900
0.013500
0.033600
0.049200
0.021100
0.000000
0.026400
0.008600
0.021700
0.034100
0.033300
0.013200
-0.005800
-0.009400
-0.000600
0.007300
0.011500
0.040900
0.034800
