up_down_5
-0.000700
0.003200
0.019600
0.016500
0.020000
0.015600
0.010400
0.010700
0.017900
0.009900
0.008600
0.018400
0.000500
0.002200
0.029400
0.030300
0.025100
0.031400
0.022900
0.006900
0.011800
0.014300
0.009900
0.010700
0.026000
0.021100
0.002300
0.004700
0.024100
0.004700
0.002700
0.027700
0.016700
-0.036900
-0.041000
-0.051800
-0.055400
-0.057700
-0.038200
-0.041400
-0.003300
-0.005000
0.000700
-0.001800
0.023000
0.027500
0.011100
0.038500
0.049200
0.024000
0.009000
0.032100
0.024300
0.034300
0.032600
0.015000
-0.000300
-0.031500
-0.014100
-0.011900
-0.005100
-0.001900
0.030100
0.003200
