up_down_5
0.042100
0.053000
0.029500
0.024900
0.028800
0.012200
-0.005700
0.003600
-0.006400
-0.012500
-0.021200
-0.011300
-0.026800
-0.030000
-0.026300
-0.021500
-0.006400
0.009900
0.018300
0.020200
0.046600
0.037500
0.036000
0.056000
0.045700
0.028800
0.012600
-0.005600
-0.000300
-0.006800
-0.011300
0.012600
0.019800
-0.013400
-0.010800
-0.033100
-0.034700
-0.055500
-0.046400
-0.047300
-0.043900
-0.059600
-0.026900
-0.008200
0.005600
0.033200
0.025200
0.023100
0.007800
0.002300
-0.004600
0.003500
-0.003400
0.011100
0.004900
-0.009500
-0.010200
-0.012300
-0.021300
-0.018600
0.009200
0.034500
0.046800
