up_down_5
0.037900
0.038000
0.042600
0.036700
0.032300
0.017000
0.024400
0.026200
0.024800
0.015500
0.030100
0.036500
0.039300
0.037200
0.045600
0.029700
0.014800
-0.008300
-0.010800
-0.010100
0.015500
0.018700
0.015700
0.030200
0.041300
0.019500
0.010900
0.011700
0.010300
-0.007800
0.007000
0.033800
0.032900
-0.022600
-0.022600
-0.058900
-0.066800
-0.061800
-0.031000
-0.020000
0.010600
-0.002300
0.006000
0.007300
0.017600
0.032100
0.029100
0.045900
0.056200
0.025800
0.000300
0.022600
0.000800
0.019800
0.031400
0.030200
0.008700
-0.008200
-0.013600
-0.007500
0.000400
0.009400
0.042000
0.026600
