up_down_5
0.021800
0.022800
0.042300
0.049200
0.039700
0.039300
0.035400
0.034900
0.032500
0.018900
0.016800
0.021700
0.016600
0.008800
0.034700
0.039200
0.032600
0.018200
0.013500
0.003900
0.008500
0.020600
0.013400
0.028200
0.050900
0.042100
0.027600
0.031500
0.046500
0.026000
0.026700
0.048500
0.043800
-0.022800
-0.031600
-0.057300
-0.067400
-0.062900
-0.037100
-0.035300
-0.009000
-0.009900
-0.008100
-0.006300
0.001200
0.011400
-0.005100
0.015200
0.025400
0.010600
-0.010800
0.018600
0.009200
0.020000
0.024600
0.022900
0.013500
-0.008900
-0.005100
0.000300
0.015600
0.012800
0.034200
0.025800
