up_down_5
0.001000
0.004700
0.020200
0.019100
0.020200
0.017000
0.012800
0.012700
0.017900
0.010100
0.006900
0.015800
0.000000
0.002100
0.034200
0.032800
0.026500
0.032700
0.024800
0.005000
0.012000
0.016500
0.011500
0.012000
0.027400
0.024900
0.006200
0.007700
0.029500
0.012000
0.011000
0.034400
0.024000
-0.035100
-0.040500
-0.054100
-0.058700
-0.059500
-0.039600
-0.045500
-0.005500
-0.002400
-0.000400
-0.003500
0.024800
0.030300
0.008100
0.039500
0.053500
0.024100
0.007300
0.036600
0.027600
0.037400
0.036400
0.018400
-0.000300
-0.033900
-0.015300
-0.011100
-0.003800
0.000600
0.034200
0.007400
