up_down_5
0.026600
0.038200
0.063800
0.040700
0.034700
0.011600
0.003700
-0.004300
0.017300
0.007900
0.028300
0.028400
0.010300
0.007300
0.037700
0.019100
0.014000
0.015500
0.005000
-0.010400
0.028000
0.027800
0.022700
0.024500
0.042500
0.011000
-0.007900
0.006300
0.023500
-0.019100
-0.022700
0.017100
-0.013300
-0.072100
-0.054000
-0.056800
-0.064000
-0.059000
-0.028900
-0.024800
0.007800
-0.005300
0.008100
0.001200
0.014300
0.024100
0.023500
0.051100
0.065800
0.041400
0.022500
0.034500
0.028500
0.029200
0.031300
0.020400
0.003800
-0.029200
-0.005600
-0.004100
-0.001100
0.013300
0.050300
0.027500
