up_down_5
0.028900
0.029400
0.022500
0.010100
0.014800
0.009600
0.017200
0.017600
0.027500
0.014100
0.017500
0.016900
0.011600
0.018000
0.031900
0.026500
0.034100
0.035100
0.019300
0.013200
0.040300
0.034100
0.028700
0.038500
0.057400
0.048700
0.027600
0.031900
0.039500
0.001200
0.000900
0.038100
0.028200
-0.028400
-0.022200
-0.070300
-0.076700
-0.074800
-0.051300
-0.036500
0.009200
-0.014000
-0.010400
-0.002000
0.005600
0.023000
0.021700
0.046300
0.051100
0.028200
0.005100
0.022100
0.014400
0.024600
0.029600
0.019100
0.008800
-0.022700
-0.013400
-0.005600
0.004500
0.020400
0.047600
0.032400
