up_down_5
0.006700
0.015300
0.008700
-0.003700
0.004000
-0.004600
-0.025600
-0.023800
-0.030800
-0.064200
-0.048200
-0.040900
-0.044200
-0.014300
0.020400
0.006200
0.017200
0.029300
0.011000
0.009900
0.006000
0.012900
0.013800
0.013900
0.014800
0.019700
0.000100
0.002100
0.001100
-0.001800
0.007000
0.013800
0.004000
0.013800
0.002100
0.002100
0.003000
0.003000
-0.003800
0.010700
0.003900
-0.003700
-0.006600
-0.004700
0.002200
0.000200
0.010700
0.027000
0.016600
0.002900
0.007700
-0.000900
-0.003700
0.020000
0.010600
0.002100
0.009800
-0.007400
-0.017800
0.004000
0.013400
0.011500
0.010700
0.007800
-0.005600
-0.004600
-0.016900
-0.009500
-0.007600
-0.009500
-0.006600
0.020800
0.013400
0.017200
0.023800
0.020800
0.000100
0.014100
0.006500
0.000900
-0.015000
-0.015100
-0.019800
-0.023600
-0.021700
-0.014300
0.000900
0.006600
0.019900
0.007700
0.008700
-0.004600
-0.010300
-0.014100
0.015200
0.019000
0.026500
0.024700
0.020000
0.003800
0.007500
0.019500
0.027800
0.032300
0.025900
0.022100
0.004600
0.000900
-0.008100
0.003700
0.002800
0.013600
0.004600
0.010000
0.022500
0.024200
0.017000
0.034800
0.036500
0.034000
0.023700
0.038300
0.038700
0.051200
0.052000
0.047500
0.033600
0.030000
0.014200
-0.020300
0.016700
0.051400
0.037800
0.048800
0.065900
0.035700
0.005600
-0.002900
0.001100
0.033600
0.040500
0.038800
0.051300
0.040100
0.024600
0.030400
0.029500
0.028800
0.017200
0.001500
-0.000000
-0.008000
-0.005100
0.008700
0.006500
0.002900
-0.000700
-0.007300
0.004500
0.024800
0.018300
0.051900
0.064100
0.062400
0.048900
0.050500
0.021500
0.003700
-0.006000
-0.006000
0.001500
0.006300
0.017800
0.013700
0.011600
0.002800
0.000700
-0.005300
-0.005300
-0.043300
-0.036500
-0.026700
-0.030400
-0.021300
0.016200
0.009900
-0.009600
-0.004100
-0.010400
-0.023700
-0.023000
-0.020400
-0.025500
-0.022500
-0.014100
-0.000500
0.017900
0.020200
0.011600
0.012300
0.008600
-0.001300
0.002900
-0.012600
-0.018300
-0.023200
-0.027500
-0.013900
-0.004200
-0.001400
0.006500
0.008700
0.015100
0.023000
0.021000
0.044200
0.046300
0.008600
0.016300
0.014200
-0.023300
0.019500
0.013100
0.006800
0.002000
0.004100
-0.043600
-0.021600
-0.020900
0.002900
-0.003400
0.005700
0.005700
-0.012600
-0.026700
-0.006100
-0.024400
0.007000
0.021100
0.032300
0.024300
0.030800
0.006400
0.025200
0.015400
0.038500
0.054700
0.065800
0.073800
0.095400
0.077400
0.070600
0.058700
0.032200
0.018000
0.054500
0.029800
0.026200
0.033400
0.036100
0.020400
0.044900
0.033100
0.042800
0.020700
-0.037100
-0.025700
-0.020900
