up_down_5
0.032500
0.031100
0.035400
0.031500
0.022400
0.010400
0.017000
0.021200
0.017500
0.016100
0.024000
0.029000
0.024300
0.023600
0.029300
0.021300
0.009200
-0.010500
-0.009800
-0.011900
0.003000
0.007200
0.009300
0.019800
0.033000
0.018800
0.007800
0.007900
0.007200
-0.006000
0.002300
0.033100
0.033300
-0.011600
-0.014400
-0.038100
-0.052200
-0.049000
-0.023100
-0.014600
0.003000
-0.002000
-0.000600
-0.003500
0.000900
0.022200
0.013200
0.028600
0.038600
0.016700
-0.008200
0.009900
-0.004800
0.011200
0.020200
0.020200
0.009700
-0.006700
-0.012900
-0.001800
0.005100
0.011300
0.036600
0.034300
