up_down_10	up_down_5	up_down_4	up_down_3	highest_1_week	highest_2_week	highest_3_week	highest_4_week	lowest_1_week	chg
0.006700	0.006700	0.008600	0.008600	0.006700	0.006700	0.006700	0.006700	0.008500	0.004800
0.006700	0.015300	0.015300	0.011500	-0.006600	-0.006600	-0.006600	-0.006600	0.025600	0.006700
0.004900	0.008700	0.004900	0.004900	-0.000900	-0.000900	-0.000900	-0.000900	0.023800	-0.006600
0.000100	-0.003700	-0.003700	-0.008500	0.007700	0.007700	0.007700	0.007700	0.030800	-0.008600
0.010700	0.004000	-0.000800	-0.007500	-0.003800	-0.003800	-0.003800	-0.003800	0.064200	0.007700
0.002100	-0.004600	-0.011300	-0.004700	-0.014300	-0.014300	-0.014300	-0.014300	0.060400	-0.003800
-0.010300	-0.025600	-0.019000	-0.010400	-0.004800	-0.004800	-0.004800	-0.001000	0.046100	-0.014300
-0.015100	-0.023800	-0.015200	-0.022900	-0.015600	-0.014900	-0.001100	0.003800	0.044200	-0.004800
-0.034500	-0.030800	-0.038500	-0.034700	-0.013500	0.000700	0.014500	0.019400	0.028600	-0.015600
-0.060200	-0.064200	-0.060400	-0.046100	0.020400	0.030300	0.045100	0.045100	0.002900	-0.025700
-0.052800	-0.048200	-0.033900	-0.029100	0.008200	0.018100	0.032900	0.038900	0.015100	0.012200
-0.066500	-0.040900	-0.036100	-0.020500	0.017200	0.030100	0.039900	0.045900	0.008100	-0.007000
-0.068000	-0.044200	-0.028600	-0.002900	0.029300	0.043100	0.048000	0.054000	-0.014300	-0.008100
-0.045100	-0.014300	0.011400	-0.000800	0.015000	0.028800	0.033700	0.039800	-0.007000	0.014300
-0.043800	0.020400	0.008200	0.015200	0.009900	0.024700	0.024700	0.030800	0.002000	0.009000
-0.042000	0.006200	0.013200	0.021300	0.011900	0.026700	0.032700	0.034800	-0.004000	-0.002000
-0.023700	0.017200	0.025300	0.011000	0.012900	0.022700	0.028700	0.030800	-0.000000	0.004000
-0.014900	0.029300	0.015000	0.006000	0.013800	0.018700	0.024700	0.026800	0.004000	0.004000
-0.003300	0.011000	0.002000	0.004000	0.017800	0.022700	0.028800	0.030800	-0.002000	-0.004000
0.030300	0.009900	0.011900	0.007900	0.014800	0.014800	0.020900	0.025800	0.005900	0.007900
0.012200	0.006000	0.002000	-0.002000	0.020700	0.026700	0.028800	0.032700	-0.010900	-0.005900
0.030100	0.012900	0.008900	0.012900	0.009800	0.015800	0.017900	0.021800	-0.000100	0.010900
0.043100	0.013800	0.017800	0.009900	0.004900	0.010900	0.013000	0.016900	0.004800	0.004900
0.024900	0.013900	0.006000	0.011900	0.008800	0.014900	0.016900	0.020800	0.000900	-0.003900
0.024700	0.014800	0.020700	0.009800	-0.001000	0.006100	0.011000	0.013200	0.009700	0.008800
0.025700	0.019700	0.008800	0.003900	0.007000	0.009100	0.013000	0.014200	0.008700	-0.001000
0.013000	0.000100	-0.004800	-0.000900	0.015700	0.017800	0.021700	0.023800	-0.002000	-0.008700
0.015900	0.002100	0.006000	-0.002800	0.008800	0.010900	0.014800	0.027400	0.004900	0.006900
0.015000	0.001100	-0.007700	-0.006700	0.013800	0.015800	0.019700	0.032300	-0.005900	-0.004900
0.013000	-0.001800	-0.000800	0.007900	0.007900	0.012800	0.015000	0.026400	-0.002100	0.005900
0.026700	0.007000	0.015700	0.008800	0.002100	0.006000	0.007200	0.018600	0.005700	0.007800
0.013900	0.013800	0.006900	0.011800	0.004000	0.007900	0.010000	0.020500	0.003800	-0.001900
0.006100	0.004000	0.008900	0.003000	0.006900	0.010800	0.023400	0.023400	0.000900	-0.002900
0.014900	0.013800	0.007900	0.000100	0.002000	0.005900	0.018500	0.028100	0.005800	0.004900
0.000300	0.002100	-0.005700	-0.003800	0.010700	0.012900	0.024300	0.033900	-0.002000	-0.005800
0.009100	0.002100	0.004000	0.006900	0.003900	0.005100	0.016500	0.026100	0.005800	0.007800
0.016800	0.003000	0.005900	0.001000	0.004900	0.007000	0.017500	0.027100	0.004800	-0.001000
0.007000	0.003000	-0.001900	0.003900	0.007800	0.020400	0.020400	0.030000	0.006600	-0.002900
0.010000	-0.003800	0.002000	-0.005800	0.009700	0.022300	0.031900	0.031900	0.004700	-0.001900
0.012800	0.010700	0.002900	0.003900	0.002200	0.013600	0.023200	0.023200	0.013400	0.008700
0.006000	0.003900	0.004900	0.007800	0.001200	0.012600	0.022200	0.023400	0.014400	0.001000
-0.000700	-0.003700	-0.000800	0.001100	0.010700	0.021200	0.030800	0.032000	0.005800	-0.008600
-0.003600	-0.006600	-0.004700	-0.013400	0.027000	0.027000	0.036600	0.037800	-0.000000	-0.005800
-0.008500	-0.004700	-0.013400	-0.014400	0.027000	0.036600	0.036600	0.037800	-0.014600	0.000000
0.012900	0.002200	0.001200	0.009800	0.011400	0.021000	0.021000	0.022200	0.001000	0.015600
0.004100	0.000200	0.008800	0.014600	0.012400	0.022000	0.023200	0.023200	-0.001900	-0.001000
0.007000	0.010700	0.016500	0.016500	0.010500	0.020100	0.021300	0.021300	0.000900	0.001900
0.020400	0.027000	0.027000	0.011400	-0.003700	0.009600	0.010800	0.010800	0.011400	0.010500
0.011900	0.016600	0.001000	0.002000	0.020000	0.020000	0.021200	0.021200	0.001000	-0.010400
0.005100	0.002900	0.003900	0.002000	0.018100	0.018100	0.019300	0.019300	0.002900	0.001900
0.007900	0.007700	0.005800	-0.004700	0.014300	0.015500	0.015500	0.015500	0.006700	0.003800
0.009800	-0.000900	-0.011400	-0.001000	0.021000	0.022200	0.022200	0.025200	-0.007700	-0.006700
0.023300	-0.003700	0.006700	0.004800	0.013300	0.014500	0.014500	0.017500	0.007400	0.007700
0.036600	0.020000	0.018100	0.014300	-0.007500	0.001200	0.001200	0.004200	0.020700	0.013300
0.013500	0.010600	0.006800	0.013500	0.004000	0.008700	0.008700	0.012700	0.013200	-0.007500
0.009800	0.002100	0.008800	0.001100	0.013400	0.013400	0.013400	0.023000	0.008500	-0.004700
0.008900	0.009800	0.002100	-0.011200	0.012400	0.012400	0.015400	0.022000	0.009500	0.001000
-0.011100	-0.007400	-0.020700	-0.013200	0.021900	0.021900	0.024900	0.031500	-0.002900	-0.009500
0.002200	-0.017800	-0.010300	-0.005600	0.019000	0.019000	0.022000	0.028600	-0.007800	0.002900
0.014600	0.004000	0.008700	0.007700	0.004700	0.004700	0.008700	0.014300	0.006500	0.014300
0.015500	0.013400	0.012400	0.021900	-0.000900	-0.000900	0.009600	0.009600	0.011200	0.004700
0.021300	0.011500	0.021000	0.018100	-0.003700	0.003900	0.010500	0.010500	0.016900	-0.000900
0.003300	0.010700	0.007800	-0.006500	0.006600	0.014200	0.020800	0.020800	0.009500	-0.010300
-0.010000	0.007800	-0.006500	-0.011200	0.006600	0.014200	0.020800	0.020800	0.009500	0.000000
-0.001600	-0.005600	-0.010300	-0.009400	0.005700	0.014300	0.019900	0.019900	0.010400	0.000900
0.008800	-0.004600	-0.003700	0.006600	-0.006600	0.014200	0.014200	0.014200	0.016100	0.005700
-0.005400	-0.016900	-0.006600	-0.006600	0.020800	0.027400	0.027400	0.027400	0.002900	-0.013200
0.001200	-0.009500	-0.009500	-0.010400	0.023700	0.030300	0.030300	0.030300	-0.000900	-0.002900
0.000200	-0.007600	-0.008500	-0.014200	0.021800	0.028400	0.028400	0.028400	0.001000	0.001900
-0.015100	-0.009500	-0.015200	-0.002000	0.023800	0.029400	0.029400	0.029400	-0.008600	-0.001000
-0.011200	-0.006600	0.006600	0.009500	0.020800	0.020800	0.020800	0.020800	-0.003900	0.008600
0.003900	0.020800	0.023700	0.021800	0.006600	0.006600	0.006600	0.006600	0.010300	0.014200
0.003900	0.013400	0.011500	0.012500	0.016900	0.016900	0.016900	0.016900	-0.005700	-0.010300
0.009600	0.017200	0.018200	0.009600	0.011200	0.011200	0.011200	0.011200	-0.004700	0.005700
0.014300	0.023800	0.015200	0.001000	0.005600	0.005600	0.005600	0.005600	0.000900	0.005600
0.014200	0.020800	0.006600	0.016900	-0.002800	-0.002800	-0.002800	-0.001600	0.015000	0.005600
0.020900	0.000100	0.010400	0.004700	0.003700	0.003700	0.003700	0.007700	0.015100	-0.006500
0.027500	0.014100	0.008400	0.002800	-0.001900	-0.001900	-0.001900	0.004000	0.019800	0.003700
0.023700	0.006500	0.000900	-0.004700	0.000000	0.000000	0.000000	0.005900	0.023600	-0.001900
0.024700	0.000900	-0.004700	0.001800	-0.010300	-0.003700	0.001200	0.005900	0.023600	0.000000
0.005800	-0.015000	-0.008500	-0.012200	-0.006600	0.006600	0.013400	0.020900	0.014300	-0.010300
-0.015000	-0.015100	-0.018800	-0.016900	0.000900	0.013200	0.022800	0.042300	0.007700	-0.006600
-0.005700	-0.019800	-0.017900	-0.017900	0.006600	0.014200	0.023800	0.048800	0.006700	-0.001000
-0.017100	-0.023600	-0.023600	-0.013300	0.019900	0.019900	0.029500	0.058100	0.001000	-0.005700
-0.020800	-0.021700	-0.011400	-0.004800	0.018000	0.022900	0.027600	0.056200	0.002900	0.001900
-0.029300	-0.014300	-0.007700	-0.006700	0.020900	0.027700	0.035200	0.059100	-0.008600	-0.002900
-0.014200	0.000900	0.001900	0.007600	0.012300	0.021900	0.041400	0.050500	0.004600	0.008600
-0.013200	0.006600	0.012300	0.010400	0.007600	0.017200	0.042200	0.045800	0.010300	0.004700
-0.003700	0.019900	0.018000	0.020900	-0.010300	0.009600	0.038200	0.038200	0.017900	0.007600
-0.014000	0.007700	0.010600	0.002000	0.015200	0.019900	0.048500	0.048600	0.007600	-0.010300
-0.005600	0.008700	0.000100	-0.004600	0.019000	0.026500	0.050400	0.051400	0.005700	-0.001900
-0.003700	-0.004600	-0.009300	-0.016900	0.026500	0.046000	0.055100	0.064200	0.001000	-0.004700
-0.003700	-0.010300	-0.017900	-0.007600	0.027500	0.052500	0.056100	0.065200	-0.003800	-0.001000
0.005800	-0.014100	-0.003800	-0.001900	0.023700	0.052300	0.052300	0.061400	-0.019000	0.003800
0.022900	0.015200	0.017100	0.021800	0.004700	0.033300	0.033400	0.055900	-0.001000	0.019000
0.027700	0.019000	0.023700	0.024700	0.007500	0.031400	0.032400	0.056600	0.000900	0.001900
0.021900	0.026500	0.027500	0.023700	0.019500	0.028600	0.037700	0.054700	0.003700	0.002800
0.014400	0.024700	0.020900	0.001900	0.027800	0.031400	0.040500	0.068100	0.000900	-0.002800
0.005900	0.020000	0.001000	-0.000900	0.032300	0.032300	0.041400	0.070700	-0.002800	-0.000900
0.019000	0.003800	0.001900	-0.000900	0.029500	0.029600	0.052100	0.086100	-0.005600	0.002800
0.026500	0.007500	0.004700	0.007500	0.023900	0.024900	0.049100	0.080500	-0.014800	0.005600
0.046000	0.019500	0.022300	0.023200	0.009100	0.018200	0.035200	0.073500	-0.004600	0.014800
0.052500	0.027800	0.028700	0.025900	0.003600	0.012700	0.040300	0.079000	0.000900	0.005500
0.052300	0.032300	0.029500	0.023900	-0.001800	0.009100	0.038400	0.089600	0.008100	0.003600
0.029700	0.025900	0.020300	0.005500	0.003700	0.026200	0.060200	0.112200	0.004500	-0.003600
0.029600	0.022100	0.007300	0.001800	0.002800	0.027000	0.058400	0.110400	0.006300	0.001800
0.024100	0.004600	-0.000900	-0.004500	0.013600	0.030600	0.068900	0.113100	0.003600	-0.002700
0.028700	0.000900	-0.002700	0.000900	0.011800	0.039400	0.078100	0.111300	0.005400	0.001800
0.024200	-0.008100	-0.004500	-0.006300	0.017200	0.046500	0.097700	0.116700	-0.008200	-0.005400
0.029600	0.003700	0.001900	0.004600	0.022500	0.056500	0.108500	0.108500	-0.000900	0.008200
0.024900	0.002800	0.005500	0.003700	0.024200	0.055600	0.107600	0.112100	-0.000900	0.000900
0.018200	0.013600	0.011800	0.017200	0.017000	0.055300	0.099500	0.140300	0.007200	0.008100
0.005500	0.004600	0.010000	0.001800	0.034800	0.073500	0.106700	0.147500	-0.000000	-0.007200
0.001900	0.010000	0.001800	0.000900	0.036500	0.087700	0.106700	0.150700	-0.020700	0.000000
0.026200	0.022500	0.021600	0.013500	0.034000	0.086000	0.086000	0.131600	-0.002600	0.020700
0.027000	0.024200	0.016100	0.023300	0.031400	0.083400	0.087900	0.129000	-0.000900	0.002600
0.030600	0.017000	0.024200	0.024200	0.038300	0.082500	0.123300	0.128900	-0.010600	0.000900
0.039400	0.034800	0.034800	0.014100	0.038700	0.071900	0.112700	0.118300	-0.001700	0.010600
0.046500	0.036500	0.015800	0.013200	0.051200	0.070200	0.114200	0.116600	-0.010500	0.001700
0.056500	0.034000	0.031400	0.030500	0.052000	0.052000	0.097600	0.131200	0.007700	0.018200
0.047900	0.023700	0.022800	0.012200	0.059700	0.064200	0.105300	0.140400	-0.015500	-0.007700
0.055300	0.038300	0.027700	0.026000	0.044200	0.085000	0.090600	0.129400	-0.011000	0.015500
0.073500	0.038700	0.037000	0.018800	0.033200	0.074000	0.079600	0.118400	-0.014200	0.011000
0.087700	0.051200	0.033000	0.040700	0.019000	0.063000	0.065400	0.104200	-0.006800	0.014200
0.086000	0.052000	0.059700	0.044200	-0.003200	0.045600	0.079200	0.103800	0.020300	0.019000
0.071200	0.047500	0.032000	0.021000	0.016700	0.057800	0.092900	0.123300	0.008100	-0.012200
0.071900	0.033600	0.022600	0.008400	0.051400	0.057000	0.095800	0.125300	0.009700	0.001600
0.068700	0.030000	0.015800	-0.003200	0.044000	0.049600	0.088400	0.117900	0.017100	0.007400
0.065400	0.014200	-0.004800	0.007400	0.048800	0.051200	0.090000	0.119500	0.015500	-0.001600
0.031700	-0.020300	-0.008100	-0.009700	0.065900	0.099500	0.124100	0.135000	-0.024800	-0.015500
0.064200	0.016700	0.015100	0.007700	0.041100	0.076200	0.106600	0.110200	-0.030100	0.024800
0.085000	0.051400	0.044000	0.045600	0.005600	0.044400	0.073900	0.073900	0.006200	0.036300
0.067800	0.037800	0.039400	0.054900	0.011800	0.050600	0.080100	0.080100	0.002900	-0.006200
0.063000	0.048800	0.064300	0.039500	0.002400	0.041200	0.070700	0.070700	0.012300	0.009400
0.045600	0.065900	0.041100	0.004800	0.033600	0.058200	0.069100	0.069100	0.013900	0.001600
0.052400	0.035700	-0.000600	0.005600	0.040500	0.070900	0.074500	0.074500	0.008500	-0.005400
0.057000	0.005600	0.011800	0.002400	0.038800	0.068300	0.068300	0.068300	0.014700	0.006200
0.034900	-0.002900	-0.012300	-0.013900	0.053500	0.083000	0.083000	0.083000	-0.013400	-0.014700
0.049900	0.001100	-0.000500	0.004900	0.040100	0.069600	0.069600	0.070500	-0.034100	0.013400
0.099500	0.033600	0.039000	0.032800	0.024600	0.035500	0.035500	0.057400	-0.001500	0.034100
0.076200	0.040500	0.034300	0.049000	0.030400	0.034000	0.034000	0.055900	-0.002300	0.001500
0.044400	0.038800	0.053500	0.040100	0.029500	0.029500	0.029500	0.072700	0.002200	0.004500
0.048400	0.051300	0.037900	0.003800	0.031700	0.031700	0.031700	0.080500	-0.002200	-0.002200
0.041200	0.040100	0.006000	0.004500	0.029500	0.029500	0.030400	0.092800	-0.017200	0.002200
0.058200	0.024600	0.023100	0.018600	0.010900	0.010900	0.032800	0.081700	0.001400	0.018600
0.070900	0.030400	0.025900	0.028100	0.003600	0.003600	0.025500	0.074400	0.008700	0.007300
0.068300	0.029500	0.031700	0.029500	-0.002900	-0.000700	0.043200	0.070800	0.012300	0.003600
0.080100	0.028800	0.026600	0.008000	-0.000700	0.002200	0.051700	0.073700	0.009400	-0.002900
0.057300	0.017200	-0.001400	-0.008700	0.008700	0.013200	0.075600	0.083100	-0.002900	-0.009400
0.026100	0.001500	-0.005800	-0.009400	0.006500	0.031300	0.080200	0.080200	-0.001400	0.002900
0.030400	-0.000000	-0.003600	-0.000700	0.002900	0.025500	0.074400	0.074400	0.004400	0.005800
0.021500	-0.008000	-0.005100	0.004300	0.007300	0.051200	0.078800	0.079000	0.000700	-0.004400
0.023700	-0.005100	0.004300	0.001400	0.007300	0.056800	0.078800	0.079000	0.007300	0.000000
0.025900	0.008700	0.005800	0.000000	0.004500	0.066900	0.074400	0.074600	0.011700	0.004400
0.008000	0.006500	0.000700	0.005100	0.024800	0.073700	0.073700	0.079300	0.012400	0.000700
0.002900	0.002900	0.007300	0.007300	0.022600	0.071500	0.071500	0.077100	0.014600	0.002200
-0.008700	-0.000700	-0.000700	-0.005100	0.051900	0.079500	0.079700	0.085100	0.006600	-0.008000
-0.012400	-0.007300	-0.011700	-0.012400	0.064100	0.086100	0.086300	0.091700	-0.016200	-0.006600
0.013200	0.004500	0.003800	0.001600	0.062400	0.069900	0.070100	0.075500	-0.016700	0.016200
0.031300	0.024800	0.022600	0.030600	0.048900	0.048900	0.054500	0.054500	0.004300	0.021000
0.021200	0.018300	0.026300	0.032900	0.053200	0.053200	0.058800	0.058800	-0.025600	-0.004300
0.051200	0.051900	0.058500	0.042300	0.027600	0.027800	0.033200	0.033200	-0.005600	0.025600
0.056800	0.064100	0.047900	0.026900	0.022000	0.022200	0.027600	0.027600	-0.003700	0.005600
0.066900	0.062400	0.041400	0.045700	0.007500	0.007700	0.013100	0.013100	0.010800	0.014500
0.073700	0.048900	0.053200	0.027600	-0.002700	0.005600	0.005600	0.005600	0.018300	0.007500
0.068800	0.050500	0.024900	0.019300	0.001500	0.008300	0.008300	0.008300	0.015600	-0.002700
0.073400	0.021500	0.015900	0.001400	0.006300	0.011700	0.011700	0.011700	0.012200	-0.003400
0.067800	0.003700	-0.010800	-0.018300	0.018500	0.023900	0.023900	0.023900	-0.004800	-0.012200
0.056400	-0.006000	-0.013500	-0.010800	0.013700	0.019100	0.019100	0.019100	-0.007500	0.004800
0.042900	-0.006000	-0.003300	0.000100	0.011600	0.011600	0.011600	0.011600	-0.004800	0.007500
0.052000	0.001500	0.004900	0.017100	0.006800	0.006800	0.006800	0.006800	-0.000700	0.004800
0.027800	0.006300	0.018500	0.013700	0.005400	0.005400	0.005400	0.005400	0.000700	0.001400
0.021500	0.017800	0.013000	0.005500	0.006100	0.006100	0.006100	0.006100	0.005300	-0.000700
0.007700	0.013700	0.006200	0.001400	0.005400	0.005400	0.005400	0.005400	0.006000	0.000700
0.005600	0.011600	0.006800	0.005400	-0.004000	-0.004000	-0.004000	-0.004000	0.043300	0.005400
0.004300	0.002800	0.001400	0.002100	-0.000700	-0.000700	-0.000700	-0.000700	0.039300	-0.004000
0.007000	0.000700	0.001400	0.000700	-0.006000	-0.006000	-0.006000	-0.006000	0.038600	-0.000700
0.012500	-0.005300	-0.006000	-0.011400	0.000700	0.000700	0.000700	0.000700	0.031900	-0.006700
0.008400	-0.005300	-0.010700	-0.006700	-0.020700	-0.016400	-0.016400	-0.016400	0.032600	0.000700
-0.031700	-0.043300	-0.039300	-0.038600	0.016200	0.016200	0.016200	0.016200	-0.001500	-0.032600
-0.033700	-0.036500	-0.035800	-0.029100	0.013400	0.013400	0.013400	0.013400	0.001300	0.002800
-0.026000	-0.026700	-0.020000	-0.020700	0.004300	0.004300	0.004300	0.004300	0.010400	0.009100
-0.035700	-0.030400	-0.031100	0.001500	0.014700	0.014700	0.014700	0.014700	0.004100	-0.010400
-0.026600	-0.021300	0.011300	0.008500	0.004900	0.004900	0.004900	0.004900	0.013900	0.009800
-0.027100	0.016200	0.013400	0.004300	-0.003500	-0.003500	-0.003500	-0.003500	0.023700	0.004900
-0.026600	0.009900	0.000800	0.011200	-0.010400	-0.010400	-0.010400	-0.010400	0.023000	-0.003500
-0.036300	-0.009600	0.000800	-0.009000	-0.001400	-0.001400	-0.001400	-0.001400	0.020400	-0.010400
-0.034500	-0.004100	-0.013900	-0.018800	0.003500	0.003500	0.003500	0.003500	0.025500	-0.004900
-0.031700	-0.010400	-0.015300	-0.011800	-0.008400	-0.001100	-0.001100	-0.001100	0.029000	0.003500
-0.007500	-0.023700	-0.020200	-0.009800	-0.002800	0.007300	0.007300	0.007300	0.020600	-0.008400
-0.013100	-0.023000	-0.012600	-0.007700	-0.000500	0.010100	0.010100	0.010100	0.017800	-0.002800
-0.030000	-0.020400	-0.015500	-0.019000	0.017900	0.017900	0.017900	0.017900	0.010000	-0.007800
-0.029600	-0.025500	-0.029000	-0.020600	0.027900	0.027900	0.027900	0.027900	-0.006500	-0.010000
-0.032900	-0.022500	-0.014100	-0.011300	0.021400	0.021400	0.021400	0.021400	-0.000000	0.006500
-0.037800	-0.014100	-0.011300	-0.003500	0.021400	0.021400	0.021400	0.021400	-0.010800	0.000000
-0.023500	-0.000500	0.007300	0.017300	0.010600	0.010600	0.010600	0.036100	-0.000800	0.010800
-0.002500	0.017900	0.027900	0.021400	-0.001300	-0.001300	-0.001300	0.026200	0.009800	0.010600
-0.005300	0.020200	0.013700	0.013700	0.006400	0.006400	0.006400	0.033900	0.002100	-0.007700
-0.010900	0.011600	0.011600	0.000800	0.008500	0.008500	0.008500	0.036000	0.012600	-0.002100
-0.001800	0.012300	0.001500	-0.009100	0.007800	0.007800	0.007800	0.035300	0.018300	0.000700
0.008100	0.008600	-0.002000	0.005700	0.000700	0.000700	0.027500	0.028200	0.025400	0.007100
0.016600	-0.001300	0.006400	0.008500	-0.003500	-0.003500	0.027500	0.047000	0.027500	0.000700
0.023100	0.002900	0.005000	0.004300	-0.013900	0.001200	0.031000	0.050500	0.024000	-0.003500
-0.001000	-0.012600	-0.013300	-0.020400	0.003700	0.018800	0.048600	0.068100	0.006400	-0.017600
-0.006000	-0.018300	-0.025400	-0.026100	0.008700	0.023800	0.053600	0.073100	0.001400	-0.005000
-0.014600	-0.023200	-0.023900	-0.020400	0.006500	0.050700	0.051400	0.070900	0.003600	0.002200
-0.028800	-0.027500	-0.024000	-0.006400	0.010100	0.055000	0.074500	0.074500	0.000000	-0.003600
-0.011000	-0.013900	0.003700	0.008700	0.015100	0.044900	0.064400	0.064400	0.010100	0.010100
-0.016800	-0.004200	0.000800	-0.001400	0.023000	0.052800	0.072300	0.072300	0.002200	-0.007900
-0.019700	-0.001400	-0.003600	-0.000000	0.025200	0.055000	0.074500	0.074500	-0.008700	-0.002200
-0.016700	0.006500	0.010100	-0.000000	0.044200	0.044900	0.064400	0.064400	0.001400	0.010100
-0.018800	0.008700	-0.001400	0.006500	0.046300	0.065800	0.065800	0.065800	-0.012300	-0.001400
0.001200	0.015100	0.023000	0.025200	0.029800	0.049300	0.049300	0.049300	0.004200	0.016500
0.018800	0.023000	0.025200	0.015100	0.029800	0.049300	0.049300	0.049300	0.004200	0.000000
0.019600	0.021000	0.010900	0.012300	0.034000	0.053500	0.053500	0.053500	-0.012800	-0.004200
0.050700	0.044200	0.045600	0.029100	0.000700	0.020200	0.020200	0.020200	0.023300	0.033300
0.055000	0.046300	0.029800	0.029800	0.019500	0.019500	0.019500	0.019500	0.024000	0.000700
0.023700	0.008600	0.008600	0.012800	0.040700	0.040700	0.040700	0.040700	0.002800	-0.021200
0.039300	0.016300	0.020500	-0.012800	0.033000	0.033000	0.033000	0.033000	0.010500	0.007700
0.035200	0.014200	-0.019100	-0.019800	0.039300	0.039300	0.039300	0.039300	0.004200	-0.006300
0.020900	-0.023300	-0.024000	-0.002800	0.043500	0.043500	0.043500	0.043500	-0.004100	-0.004200
0.065800	0.019500	0.040700	0.033000	-0.026200	-0.026200	-0.026200	-0.024600	0.043600	0.043500
0.021700	0.013100	0.005400	0.011700	0.001400	0.001400	0.001400	0.003000	0.021600	-0.027600
0.023100	0.006800	0.013100	0.017300	-0.011100	-0.008200	-0.008200	0.012800	0.023000	0.001400
0.016200	0.002000	0.006200	-0.037300	0.002900	0.002900	0.008500	0.023900	0.011900	-0.011100
-0.019200	0.004100	-0.039400	-0.011800	0.005000	0.005000	0.014800	0.053300	0.009800	-0.002100
-0.024100	-0.043600	-0.016000	-0.017400	0.009200	0.009200	0.019000	0.066800	0.005600	-0.004200
-0.008500	-0.021600	-0.023000	-0.011900	0.014800	0.014800	0.024600	0.084900	-0.002100	-0.005600
-0.014100	-0.020900	-0.009800	-0.007700	0.012700	0.012700	0.033700	0.107500	0.012600	0.002100
0.004900	0.002900	0.005000	0.009200	-0.003500	0.005600	0.021000	0.116400	0.026700	0.012700
0.000700	-0.003400	0.000800	0.006400	0.004900	0.018200	0.056700	0.134100	0.018300	-0.008400
-0.037900	0.005700	0.011300	0.009200	-0.005600	0.013300	0.061100	0.131700	0.024400	0.004900
-0.015900	0.005700	0.003600	-0.009100	0.007000	0.018900	0.079200	0.137900	0.018800	-0.005600
-0.033500	-0.012600	-0.025300	-0.016900	0.023200	0.046300	0.120100	0.154100	0.002600	-0.016200
-0.023800	-0.026700	-0.018300	-0.023200	0.032300	0.047700	0.143100	0.161100	0.001200	-0.001400
-0.009500	-0.006100	-0.011000	-0.005400	0.024300	0.062800	0.140200	0.194700	0.013400	0.012200
-0.018700	-0.024400	-0.018800	-0.002600	0.037700	0.085500	0.156100	0.208100	-0.023700	-0.013400
0.012700	0.007000	0.023200	0.024600	0.011900	0.072200	0.130900	0.182300	0.002100	0.025800
0.008500	0.021100	0.022500	0.010300	0.025200	0.099000	0.133000	0.184400	-0.007100	-0.002100
0.005600	0.032300	0.020100	0.033500	0.015400	0.110800	0.128800	0.174600	0.002700	0.009800
0.018200	0.024300	0.037700	0.011900	0.038500	0.115900	0.170400	0.190800	0.006900	0.004200
0.006400	0.030800	0.005000	0.007100	0.054700	0.125300	0.177300	0.200000	-0.001400	-0.006900
0.013400	0.006400	0.008500	-0.001300	0.065800	0.124500	0.175900	0.198600	-0.016700	0.001400
0.046300	0.025200	0.015400	0.011200	0.073800	0.107800	0.159200	0.182200	-0.000000	0.016700
0.047700	0.015400	0.011200	0.018100	0.095400	0.113400	0.159200	0.182200	-0.027300	0.000000
0.062800	0.038500	0.045400	0.044000	0.077400	0.131900	0.152300	0.154900	-0.009300	0.027300
0.085500	0.054700	0.053300	0.036600	0.070600	0.122600	0.145300	0.145600	-0.012500	0.009300
0.072200	0.065800	0.049100	0.049100	0.058700	0.110100	0.132800	0.133100	-0.024700	0.012500
0.099000	0.073800	0.073800	0.046500	0.034000	0.085400	0.108400	0.108400	-0.021600	0.024700
0.110800	0.095400	0.068100	0.058800	0.018000	0.063800	0.086800	0.086800	-0.009300	0.021600
0.115900	0.077400	0.068100	0.055600	0.054500	0.074900	0.077500	0.077500	-0.001300	0.009300
0.125300	0.070600	0.058100	0.033400	0.052000	0.074700	0.075000	0.075000	0.001200	0.002500
0.124500	0.058700	0.034000	0.012400	0.051400	0.074100	0.074400	0.074400	0.001800	0.000600
0.106000	0.032200	0.010600	0.001300	0.053200	0.076200	0.076200	0.076200	-0.007400	-0.001800
0.113400	0.018000	0.008700	0.006200	0.045800	0.068800	0.068800	0.068800	-0.020600	0.007400
0.131900	0.054500	0.052000	0.051400	0.020400	0.023000	0.023000	0.023000	0.025200	0.045800
0.100400	0.029800	0.029200	0.031000	0.044900	0.045200	0.045200	0.045200	0.003000	-0.022200
0.084900	0.026200	0.028000	0.020600	0.047900	0.048200	0.048200	0.048200	-0.005400	-0.003000
0.065600	0.033400	0.026000	-0.019800	0.042800	0.042800	0.042800	0.042800	-0.010100	0.005400
0.054100	0.036100	-0.009700	0.012500	0.032700	0.032700	0.032700	0.032700	-0.017600	0.010100
0.074900	0.020400	0.042600	0.045600	0.002600	0.002600	0.002600	0.002600	0.037100	0.030100
0.074700	0.044900	0.047900	0.042500	0.000300	0.000300	0.000300	0.000300	0.039400	0.002300
0.059300	0.033100	0.027700	0.017600	0.015100	0.015100	0.015100	0.015100	0.024600	-0.014800
0.076200	0.042800	0.032700	0.002600	-0.012000	-0.012000	-0.012000	-0.012000	0.039700	0.015100
0.056800	0.020700	-0.009400	-0.011700	-0.014000	-0.014000	-0.014000	-0.014000	0.027700	-0.012000
-0.016700	-0.037100	-0.039400	-0.024600	0.013700	0.013700	0.013700	0.013700	-0.003700	-0.027700
0.019200	-0.025700	-0.010900	-0.026000	-0.010000	-0.010000	-0.010000	-0.010000	0.010000	0.013700
0.012200	-0.020900	-0.036000	-0.024000	0.000000	0.000000	0.000000	0.000000	-0.000000	-0.010000
