up_down_5
0.048100
0.054400
0.028600
0.047800
0.043700
0.014600
0.012100
0.026000
0.001300
0.006200
0.008600
0.003800
0.007300
0.022200
0.007200
-0.000600
0.008400
0.001900
-0.001100
-0.000500
0.020900
0.027700
0.020100
0.038100
0.057000
0.045800
0.025200
0.016300
0.015500
-0.004900
-0.008200
0.024900
0.040000
-0.008700
0.003700
-0.020500
-0.037700
-0.046100
-0.039200
-0.047800
-0.015100
-0.034800
-0.053400
-0.024600
0.003800
0.015500
0.011600
0.045200
0.042800
0.002300
-0.024200
0.006000
-0.006300
0.005400
0.023900
0.024000
0.007000
-0.001600
0.000100
0.002400
0.023500
0.039300
0.060900
0.039900
