up_down_5
0.032400
0.026100
0.001300
0.000400
0.003800
-0.014200
-0.008200
0.004800
-0.005100
-0.010100
0.006500
-0.000200
0.002000
0.028800
0.026500
0.019800
0.028800
0.013700
-0.008100
-0.007300
0.009700
0.004700
0.017800
0.042700
0.067400
0.057400
0.048300
0.030900
0.030800
-0.002000
0.003800
0.012500
0.021100
-0.034400
-0.030700
-0.057400
-0.051900
-0.031900
-0.009200
-0.002600
0.008900
-0.010800
-0.021200
-0.015500
-0.012700
0.002900
0.000800
0.004600
0.008300
-0.011400
-0.034000
-0.009900
-0.022200
-0.002900
0.009600
0.007500
0.003600
-0.007400
-0.015700
-0.003100
0.022500
0.023800
0.044400
0.041600
