up_down_5
0.031900
0.039400
0.038400
0.030700
0.021000
0.006000
0.001500
0.003000
0.012500
0.014700
0.032200
0.035800
0.042000
0.039400
0.049900
0.027700
0.029000
0.016900
0.011300
0.006300
0.035200
0.028300
0.017500
0.024900
0.042300
0.022900
0.011100
0.017900
0.033800
0.009000
0.019500
0.047400
0.040000
-0.026600
-0.022700
-0.055200
-0.057000
-0.053700
-0.031500
-0.026600
0.006500
-0.010600
-0.003900
0.002800
0.018000
0.033300
0.025600
0.044300
0.058500
0.029300
-0.000400
0.023900
0.016300
0.026500
0.031100
0.030500
0.010400
-0.024300
-0.022600
-0.019400
-0.012300
-0.004700
0.028700
0.012900
