up_down_5
0.050700
0.052300
0.036800
0.049800
0.042000
0.001500
0.002200
0.011900
0.000800
0.008200
0.002300
0.003800
0.000100
0.004500
0.009700
0.009000
0.006000
0.003000
0.004500
-0.004400
0.017600
0.030700
0.026400
0.037900
0.047100
0.032300
0.015100
0.011000
0.020800
0.014300
0.026700
0.054100
0.057800
0.008400
0.002100
-0.029000
-0.041700
-0.039800
-0.031200
-0.035500
-0.013900
-0.026600
-0.039500
-0.021500
0.002400
0.016700
0.005600
0.033400
0.031400
0.001200
-0.014500
0.010200
-0.002600
0.010800
0.025600
0.021300
0.005000
-0.007600
-0.005400
-0.006800
0.018400
0.031500
0.052300
