up_down_5
0.015000
0.014300
0.003500
0.013300
0.007700
0.003600
0.005000
0.015100
0.009900
0.009100
0.006800
0.013600
0.015100
0.016900
0.029400
0.024100
0.017400
0.013000
0.008300
-0.002900
0.011800
0.023500
0.015800
0.027200
0.040300
0.050300
0.033900
0.039900
0.049900
0.035800
0.026600
0.042000
0.036700
-0.017100
-0.017900
-0.038500
-0.043900
-0.026300
-0.012800
-0.019100
0.000500
-0.003400
-0.025700
-0.024300
-0.002100
0.008800
-0.010200
0.008200
0.023400
-0.006600
-0.023700
0.015200
0.005300
0.021700
0.036700
0.028900
0.013900
-0.003100
-0.009800
-0.009900
0.020400
0.012800
0.037000
0.028500
