up_down_5
0.025400
0.026000
0.015200
0.009800
0.009000
-0.013200
-0.007700
-0.000500
-0.000900
0.003800
0.023100
0.017300
0.027500
0.030800
0.012300
-0.002900
0.002000
-0.017100
-0.029500
-0.031500
-0.011800
-0.012000
-0.000300
0.022000
0.034500
0.030900
0.016000
-0.004100
-0.006500
-0.033400
-0.029100
-0.020700
-0.014900
-0.046700
-0.027100
-0.044300
-0.030100
-0.018600
-0.001800
0.010500
0.017900
-0.016900
-0.013100
-0.010900
-0.008200
-0.003700
0.011400
0.008000
0.016200
-0.001400
-0.010300
0.004500
-0.001800
0.007800
0.009400
-0.003900
-0.010900
-0.015800
-0.025400
-0.011600
0.017400
0.026900
0.040600
0.038000
