up_down_5
0.021700
0.039100
0.045700
0.042100
0.040800
0.022000
0.011300
0.016400
0.018900
0.016300
0.038700
0.038500
0.041200
0.023000
0.028600
0.002000
-0.002400
-0.019300
-0.006300
-0.007500
0.036300
0.036400
0.026800
0.030400
0.034600
-0.001700
-0.019900
-0.006600
0.005800
-0.019700
-0.003700
0.015700
0.004800
-0.050000
-0.030600
-0.058700
-0.047700
-0.048900
-0.017200
-0.010700
0.009700
-0.013400
0.001400
0.006000
0.010500
0.032800
0.038100
0.041100
0.045400
0.018400
-0.016000
0.002800
-0.003500
0.009000
0.026200
0.031200
0.014900
-0.002200
-0.014000
-0.007700
-0.006500
0.004600
0.027800
0.018600
