up_down_5
0.027800
0.032000
0.030100
0.030100
0.029100
0.001000
-0.003200
-0.004100
-0.003300
-0.010900
0.005900
0.010900
0.015100
0.020100
0.038400
0.028500
0.021800
0.010900
0.007600
-0.008900
0.017400
0.021400
0.019100
0.026300
0.045500
0.026500
0.010700
0.015500
0.022500
-0.001400
0.004900
0.038600
0.028600
-0.026800
-0.021300
-0.048600
-0.062300
-0.062900
-0.037400
-0.038300
-0.005500
-0.012900
-0.008900
-0.012400
0.006200
0.021900
0.012200
0.035200
0.050300
0.018900
0.000400
0.022300
0.010700
0.022700
0.032500
0.022700
0.006500
-0.016600
-0.013200
-0.007700
0.005100
0.012300
0.040800
0.029300
