up_down_5
0.056800
0.054800
0.046700
0.038600
0.031100
0.013500
0.012500
0.025700
0.020800
-0.003800
0.027000
0.036600
0.032700
0.036800
0.039900
0.013800
0.015700
-0.008300
-0.020400
-0.036000
0.001100
-0.013200
-0.008800
0.020300
0.052400
0.021000
0.008400
0.004900
0.009800
-0.034000
-0.024800
0.005700
-0.001300
-0.069500
-0.041300
-0.078600
-0.082600
-0.069800
-0.030500
-0.022400
0.009000
-0.007900
-0.006900
-0.009800
0.000700
0.018300
0.015800
0.028800
0.033300
0.002100
-0.025400
0.002800
-0.009100
0.018000
0.029900
0.013700
-0.007400
-0.020700
-0.034900
-0.031100
-0.008600
0.012500
0.033100
0.021900
