up_down_5
0.031600
0.032100
0.027700
0.026100
0.022700
0.009500
0.008900
0.010500
0.007400
0.006800
0.021700
0.017100
0.025200
0.028300
0.023600
0.003100
0.010800
-0.005500
-0.014100
-0.022300
0.003400
0.003300
0.004800
0.014400
0.025600
0.014500
0.010000
0.002500
0.010600
0.000600
0.007700
0.018600
0.028100
-0.010900
0.000200
-0.035500
-0.031000
-0.022400
0.002500
0.007500
0.031100
0.014200
0.004100
0.006600
0.004000
0.015400
0.001200
0.016600
0.020100
0.008700
-0.014100
0.019500
0.007100
0.019800
0.018400
0.022000
0.011400
-0.003600
-0.009900
0.002200
0.013800
0.021400
0.026400
0.015700
