up_down_5
0.014300
0.033900
0.067900
0.034300
0.045000
0.019300
0.003600
-0.009000
0.022200
0.005600
0.032900
0.036600
0.009000
0.006000
0.050200
0.032900
0.027400
0.044800
0.033100
0.009900
0.051600
0.047400
0.034100
0.028600
0.047600
0.008100
-0.013200
0.010400
0.034500
-0.020000
-0.027100
0.020400
-0.029800
-0.105400
-0.076100
-0.074500
-0.078600
-0.066400
-0.030800
-0.028900
0.017900
-0.001900
0.013900
0.008500
0.026600
0.026700
0.027700
0.058800
0.073900
0.043200
0.029300
0.041700
0.035500
0.036500
0.030900
0.010100
-0.007500
-0.046300
-0.004100
0.001000
0.003700
0.015100
0.062500
0.017800
