up_down_5
0.018200
0.029100
0.050300
0.035100
0.038500
0.019700
0.007900
0.001800
0.012000
-0.000200
0.016700
0.022300
0.010600
0.015100
0.038600
0.028400
0.023700
0.026100
0.012700
-0.002000
0.020500
0.022300
0.012900
0.020200
0.041100
0.020500
0.006200
0.011300
0.020000
-0.017000
-0.017300
0.012200
-0.007500
-0.057900
-0.042800
-0.050600
-0.056600
-0.040200
-0.015400
-0.012500
0.014200
-0.002100
-0.002500
-0.008400
0.000800
0.008400
0.004000
0.024800
0.041100
0.021900
0.015500
0.036800
0.026300
0.028200
0.026900
0.004400
0.000800
-0.021000
0.000300
0.004200
0.023100
0.021700
0.049600
0.026800
