up_down_5
0.017900
0.031100
0.046400
0.025800
0.034900
0.010400
0.008900
0.002600
0.009200
-0.006300
0.018800
0.015400
0.006300
0.021800
0.056100
0.046500
0.045900
0.043600
0.031100
0.010300
0.037500
0.036100
0.033000
0.038500
0.062100
0.037700
0.015600
0.026800
0.038800
-0.013000
-0.015500
0.025300
-0.002000
-0.078800
-0.058200
-0.080200
-0.082700
-0.079400
-0.039300
-0.031100
0.013000
-0.005900
0.008100
0.004100
0.023600
0.034000
0.028800
0.050600
0.062800
0.028700
0.007400
0.024900
0.013200
0.027800
0.029900
0.011400
-0.003400
-0.030700
-0.014900
-0.008600
0.001800
0.014400
0.057900
0.030600
