up_down_5
0.044800
0.045900
0.014800
0.032300
0.023900
-0.010100
-0.014900
-0.000500
-0.018300
0.001500
0.012200
0.012300
0.014400
0.018300
-0.017600
-0.024500
-0.010000
-0.010500
0.002800
0.013000
0.025900
0.028900
0.029300
0.041800
0.044100
0.040400
0.030700
0.012300
0.004300
0.002200
-0.008600
-0.002400
0.014400
-0.005000
0.002700
-0.009100
-0.008000
-0.011600
-0.016900
-0.026200
-0.010700
-0.032100
-0.065600
-0.043600
-0.019800
-0.010100
-0.013400
0.023300
0.015600
-0.021300
-0.034700
-0.011600
-0.023600
-0.012600
0.017700
0.016000
0.005600
0.014300
0.016900
0.009200
0.038700
0.048700
0.049800
