up_down_5
0.030900
0.029400
0.032700
0.012300
0.018700
0.000300
0.000300
0.001800
0.011000
-0.002500
0.022300
0.025700
0.011300
0.013300
0.042000
0.033500
0.027900
0.030000
0.022900
0.006800
0.041300
0.039300
0.032000
0.041200
0.061200
0.026100
0.005100
0.015600
0.027100
-0.019200
-0.010800
0.038000
0.012000
-0.060800
-0.043300
-0.067400
-0.078700
-0.071600
-0.038100
-0.028500
0.017200
-0.000700
0.006800
0.006900
0.020900
0.021700
0.017800
0.043400
0.055300
0.024500
0.005700
0.024900
0.015900
0.023700
0.022000
0.008700
-0.010400
-0.041400
-0.015500
-0.007200
0.000700
0.011800
0.052000
0.022900
