up_down_5
0.027300
0.036800
0.042200
0.040300
0.033600
0.014800
0.021400
0.025800
0.025300
0.011400
0.021300
0.018200
0.021200
0.016300
0.038900
0.039400
0.030900
0.009600
0.014000
-0.003500
0.012400
0.021800
0.021200
0.026900
0.058200
0.035600
0.014700
0.014800
0.026600
-0.001800
0.010200
0.045200
0.043300
-0.024300
-0.028200
-0.054900
-0.072900
-0.071200
-0.047100
-0.039400
-0.009400
-0.011700
-0.014600
-0.003000
0.018900
0.031700
0.018900
0.043200
0.053600
0.021700
-0.002200
0.020600
0.006600
0.018500
0.030000
0.025400
0.007400
-0.010000
-0.017200
-0.016400
-0.001500
0.007900
0.039200
0.039800
