up_down_5
0.027800
0.028200
0.024300
0.020500
0.026000
0.006200
-0.003000
-0.009700
-0.015900
-0.020200
-0.009800
-0.012300
-0.003000
0.006900
-0.002400
-0.023600
-0.011000
-0.016700
-0.026700
-0.026900
-0.001800
-0.007500
-0.002400
0.009600
0.015400
0.009000
0.003300
-0.006200
-0.006900
-0.030400
-0.023900
-0.017500
-0.003400
-0.027000
-0.003600
-0.010200
-0.004300
0.002200
0.012500
0.019700
0.008900
-0.006100
-0.009300
0.004100
0.000200
0.018100
0.016300
0.011700
0.014200
0.009700
-0.006900
0.011600
-0.006900
-0.000500
-0.001800
0.006500
0.002000
0.010900
0.002600
0.013400
0.035400
0.032700
0.039500
0.046100
