up_down_5
0.037700
0.040400
0.041900
0.029500
0.018300
0.005900
0.015100
0.023700
0.024300
0.019800
0.022200
0.025400
0.014300
0.018600
0.033800
0.035100
0.018100
0.009600
0.001300
-0.013300
0.007200
0.016600
0.015500
0.024500
0.044400
0.029800
0.018300
0.016000
0.024500
0.002300
0.000400
0.034000
0.033300
-0.025900
-0.022700
-0.046800
-0.067100
-0.058800
-0.041700
-0.031400
-0.003700
-0.015100
-0.023600
-0.014300
-0.001900
0.023300
0.016900
0.044200
0.055400
0.026800
-0.009500
0.011500
0.000100
0.019000
0.035900
0.035200
0.018000
-0.010400
-0.014000
-0.017400
-0.008100
0.013400
0.046700
0.035600
