up_down_5
0.031400
0.032500
0.027900
0.023500
0.033300
0.020100
0.024300
0.028700
0.024600
-0.000400
0.022800
0.026300
0.025500
0.029600
0.036800
0.019700
0.021600
0.004600
-0.002300
-0.011300
0.016400
0.006900
0.007900
0.028600
0.063300
0.052100
0.035000
0.030400
0.026100
-0.018000
-0.016200
0.011400
0.005800
-0.049300
-0.032900
-0.075200
-0.070400
-0.060800
-0.036400
-0.026700
0.002500
-0.023500
-0.025200
-0.015900
-0.007900
0.015400
0.018600
0.031400
0.035300
0.006400
-0.023600
-0.006400
-0.013500
0.013900
0.036600
