up_down_5
0.047900
0.054900
0.023800
0.036200
0.042000
0.010400
0.009600
0.018100
-0.001300
-0.012000
0.010000
0.004600
0.015200
0.028100
0.025000
0.019600
0.037400
0.030500
0.014200
0.027500
0.052800
0.047000
0.049000
0.070900
0.067200
0.043100
0.022300
0.003100
-0.008700
-0.032800
-0.014500
0.011500
0.018400
-0.021100
-0.011500
-0.056600
-0.054200
-0.056100
-0.033100
-0.001100
0.023700
-0.008000
0.014200
0.023600
0.005800
0.029900
0.029600
0.025100
0.026600
0.020100
-0.014400
0.005000
-0.004800
0.007100
0.004300
0.002300
-0.000500
-0.015800
-0.017100
-0.010800
0.025300
0.028600
0.050700
0.049000
