up_down_5
0.013200
0.016700
0.019000
0.021200
0.017400
0.005400
0.002500
0.010200
0.004000
0.003200
0.013700
0.019100
0.012900
0.010100
0.012100
0.001000
-0.008800
-0.022500
-0.019900
-0.025700
-0.016800
-0.004900
0.004400
0.011800
0.024100
0.027900
0.013900
0.012900
0.013800
0.010700
0.009600
0.025400
0.031500
0.001100
-0.002200
-0.012900
-0.021300
-0.023500
-0.005100
-0.007000
-0.007500
-0.007700
-0.013700
-0.017100
-0.011900
0.003100
-0.010200
0.002400
0.007900
-0.007000
-0.019800
0.003200
-0.007700
0.006000
0.015200
0.011300
0.006100
0.000900
-0.001200
0.009300
0.023800
0.021700
0.032200
0.024300
