up_down_5
-0.083700
-0.055600
-0.056400
-0.117000
-0.091900
-0.076700
-0.076200
-0.103100
-0.018000
-0.060100
-0.004600
0.019300
0.014400
-0.038300
-0.002400
-0.000600
-0.074900
-0.063500
-0.055300
-0.037600
-0.044700
0.020900
0.029200
0.060700
0.025900
0.016000
0.018400
0.022900
0.007600
0.013900
0.043400
0.017900
0.013400
-0.039900
-0.031600
-0.086200
-0.065200
-0.023100
0.039100
0.029900
0.072100
0.051100
-0.001700
-0.008900
-0.008900
-0.004300
-0.003400
-0.002500
0.021000
0.040500
0.041700
0.041700
0.052400
0.030800
0.019100
0.012900
-0.001500
0.018200
0.025000
0.013100
0.020600
0.046600
0.011200
0.000300
0.018800
0.000300
-0.007200
0.015900
0.017600
-0.002400
0.005000
-0.028000
-0.038900
-0.016900
-0.012900
-0.007800
0.025300
0.026200
0.015800
0.057100
0.040800
0.038200
0.008000
-0.007800
-0.032400
-0.011300
-0.014500
0.007700
0.029900
0.006100
-0.028300
-0.027500
-0.008600
-0.010900
-0.012700
0.000300
0.007800
-0.002200
-0.017100
0.028500
0.038300
0.036400
0.058800
0.066000
0.035800
0.022500
-0.009800
-0.012800
0.006300
-0.002200
0.025800
0.049500
0.020100
0.005600
0.004800
-0.020800
0.008800
0.018800
0.010300
0.020300
0.028800
0.016700
0.022700
0.045800
0.036200
0.034700
0.035700
0.062300
0.029400
0.033100
0.043800
0.026300
-0.022400
-0.014800
-0.006200
-0.034000
-0.030500
0.014800
-0.002100
0.008000
0.025200
0.006000
-0.023100
-0.001100
-0.018400
-0.022100
0.004400
0.018100
0.008800
0.008800
0.018900
0.031600
0.018600
0.028500
0.020200
0.010300
-0.013200
-0.013900
-0.023800
-0.022600
-0.019900
-0.022900
-0.021500
-0.012200
-0.009500
-0.013100
-0.003700
0.004300
-0.004400
-0.001500
-0.003000
-0.028500
-0.033500
-0.038100
-0.023900
-0.018100
0.004500
0.009000
0.017200
-0.008900
-0.000600
-0.000600
-0.004300
0.010500
0.033400
0.026600
0.024400
0.015500
0.002200
-0.013200
-0.001400
-0.003500
0.000900
0.000900
0.012600
0.016100
0.024700
0.022600
0.021900
0.020400
0.012900
-0.000600
0.002900
-0.003500
-0.008500
-0.006200
-0.004100
0.003800
0.007300
0.001600
-0.001300
0.002300
-0.004100
-0.002600
0.005900
0.002300
0.019300
0.029700
0.038700
0.044900
0.061800
0.033600
0.033900
0.010300
-0.018400
-0.029200
-0.013100
-0.017100
0.004400
-0.001600
-0.003600
-0.016800
-0.041100
-0.037400
-0.011700
-0.024300
-0.008900
0.006500
-0.014000
-0.009700
-0.002700
-0.011300
-0.012000
0.009300
0.006400
0.013500
0.038100
0.034700
0.023300
0.025400
0.019000
-0.012300
-0.017300
-0.016600
-0.019400
-0.012300
0.008500
0.017600
0.027300
0.026600
0.017400
0.010300
0.011000
-0.003400
0.000700
-0.002100
-0.001400
0.002700
0.011500
0.026500
0.026600
0.019900
0.021800
0.025100
0.037200
0.037900
0.050200
0.039600
0.029800
-0.014100
-0.009500
-0.015200
-0.015900
-0.008100
0.020300
0.027200
0.021400
0.020900
0.029100
0.021100
0.009600
0.020300
0.019700
0.002600
-0.000600
0.025100
0.026700
0.030500
0.036700
0.019100
-0.005900
-0.012000
-0.016900
-0.007600
0.006900
0.009900
0.004400
-0.002900
-0.019600
-0.014000
-0.005900
-0.012700
0.010600
0.037000
0.036200
0.043600
0.045200
0.026400
0.029500
0.017700
0.001600
-0.005500
0.005800
-0.012200
-0.008700
-0.009300
-0.011800
-0.016000
-0.018900
0.000900
0.005000
0.025700
0.046300
0.031300
0.012700
0.016800
0.016200
0.010100
0.019300
0.018700
0.013300
0.010900
0.002800
0.002800
-0.001200
0.014400
0.029100
0.043400
0.050100
0.070600
0.053100
0.024500
-0.000400
-0.010700
-0.012800
-0.017100
0.018600
0.020900
0.042400
0.046200
0.048900
0.007800
0.012000
0.003400
-0.027700
-0.039900
-0.006600
-0.006600
-0.024100
-0.006700
0.023300
-0.005000
-0.008200
0.010400
-0.001300
-0.021200
-0.001500
0.016200
0.009300
0.033700
0.032700
0.006900
-0.011800
0.005800
-0.010600
-0.005400
0.008700
-0.003400
-0.028000
-0.004800
-0.006900
0.019500
0.034300
0.027300
0.020900
0.017800
-0.010200
-0.013400
0.001100
-0.009400
-0.007800
0.003200
0.006400
0.011600
0.015700
0.009000
0.014100
0.012500
0.006300
-0.010300
-0.000500
-0.015500
-0.019200
-0.025000
-0.013500
-0.011900
0.008500
0.013800
0.028900
0.037000
0.025200
0.018200
0.017700
0.017600
0.013900
0.016000
0.007800
0.014900
0.013200
0.024600
0.036500
0.055500
0.050900
0.044400
0.018200
0.016600
0.012000
0.020900
0.010100
0.022000
0.023300
0.018800
0.015900
0.045100
0.037200
0.024300
0.009900
0.010200
-0.006800
0.024200
0.030600
0.028100
0.027500
0.049200
0.017500
0.003600
0.016800
0.027200
0.001500
0.002400
0.037200
0.015700
-0.041200
-0.037700
-0.064400
-0.063900
-0.050100
-0.027300
-0.011600
0.038200
0.024100
0.016100
0.013800
0.015000
0.031800
0.018300
0.052000
0.069500
0.042100
0.020700
0.036500
0.025800
